11138
11139
11140
11142
11144
11147
11149
11151
11152
11155
11157
11159
11160
11163
11165
11166
11168
11171
11173
11174
11177
11178
11182
11183
11185
11187
11188
11190
11193
11194
11196
11199
11201
11202
31995
15345
15348
15349
15351
15352
15354
15357
15359
15361
15364
15366
15368
15370
15372
15374
15376
15378
15380
15382
15383
15385
15388
15390
15391
15392
15394
15396
15398
15400
15402
15404
15406
15407
15408
15410
15412
15414
15416
15418
15422
15424
15426
15428
15430
15432
15434
15438
15440
15442
15444
15446
15448
15449
15452
15454
15456
15457
15459
15461
15463
15465
15467
15469
15471
15473
15475
15477
15479
15481
15483
15486
15487
15489
15491
15494
15495
15497
15499
15502
15504
15506
15508
15509
15511
15513
15515
15518
15519
15522
15523
15525
15528
15530
15532
15534
15536
15538
15540
15542
15544
15546
15548
15550
15552
15554
15556
15558
15560
15562
15564
15566
15568
15570
15572
15574
15576
15578
15580
15582
15584
15586
15588
15590
15592
15594
15596
15598
15600
15602
15604
15606
15608
15610
15612
15614
15616
15618
15620
15622
15624
15626
15628
15630
15632
15634
15636
15638
15640
15642
15644
15646
15648
15649
15652
15654
15656
15658
15660
15662
15664
15665
15666
15668
15670
15672
15675
15677
15679
15681
15683
15685
15686
15687
15689
15691
15693
15695
15696
15698
15700
15702
15704
15706
15708
15710
15712
15714
15718
15720
15722
15724
15726
15728
15730
15733
15735
15737
15739
15741
15743
15745
15746
15748
15750
15752
15754
15755
15756
15758
15760
15762
15764
15766
15769
15770
15771
15773
15775
15777
15779
15781
15782
15784
15786
15788
15790
15792
15794
15795
15797
15799
15800
15802
15804
15805
15806
15809
15811
15813
15815
15817
15818
15820
15822
15824
15826
15830
15832
15834
15836
15838
15839
15840
15842
15844
15846
15847
15849
15851
15855
15857
15859
15861
15863
15865
15867
15868
15870
15873
15875
15877
15879
15881
15883
15884
15886
15888
15890
15892
15894
15895
15897
15899
15901
15902
15904
15906
15908
15910
15912
15914
15915
15917
15919
15921
15923
15926
15928
15930
15931
15933
15934
15936
15938
15940
15942
15944
15945
15946
15948
15950
15952
15954
15956
15958
15959
15961
15964
15965
15966
15969
15971
15974
15976
15978
15980
15981
15982
15984
15986
15988
15990
15992
15993
15995
15998
16000
16002
16004
16005
16007
16009
16011
16013
16016
16018
16021
16023
16025
16027
16031
16032
16034
16036
16038
16039
16040
16042
16044
16045
16047
16050
16051
16053
16055
16057
16059
16061
16063
16065
16067
16070
16073
16076
16078
16080
16082
16084
16086
16088
16090
16091
16093
16094
16097
16099
16101
16103
16104
16106
16108
16110
16112
16116
16118
16120
16124
16127
16129
16131
16133
16134
16135
16137
16139
16140
16142
16144
16146
16148
16150
16154
16156
16158
16160
16162
16164
16166
16168
16170
16174
16175
16176
16179
16181
16183
16185
16187
16188
16190
16192
16194
16195
16196
16198
16200
16201
16203
16205
16208
16210
16212
16214
16218
16220
16222
16224
16226
16227
16229
16231
16233
16235
16237
16238
16240
16242
16243
16244
16246
16248
16250
16252
16254
16256
16258
16260
16261
16263
16266
16268
16270
16273
16275
16277
16279
16280
16281
16283
16285
16287
16289
16292
16294
16296
16298
16300
16302
16304
16306
16307
16309
16311
16313
16315
16317
16319
16323
16325
16327
16329
16331
16335
16337
16339
16341
16342
16344
16346
16348
16350
16352
16354
16356
16358
16361
16363
16365
16368
16370
16372
16375
16377
16380
16383
16384
16386
16388
16390
16392
16393
16395
16397
16399
16401
16403
16405
16407
16409
16411
16413
16415
16417
16419
16422
16424
16426
16428
16430
16432
16434
16436
16438
16440
16441
16442
16444
16446
16447
16449
16451
16453
16455
16457
16459
16460
16461
16463
16465
16468
16470
16473
16475
16477
16480
16482
16483
16485
16487
16489
16491
16493
16496
16498
16499
16501
16503
16505
16507
16508
16509
16511
16514
16518
16520
16523
16525
16527
16529
16530
16532
16534
16536
16538
16540
16542
16544
16545
16547
16551
16552
16554
16556
16558
16560
16563
16565
16569
16571
16573
16575
16578
16580
16583
16586
16587
16589
16591
16593
16595
16597
16599
16602
16603
16605
16608
16610
16612
16614
16616
16620
16622
16624
16626
16628
16630
16632
16634
16637
16638
16639
16641
16642
16644
16646
16648
16649
16651
16654
16656
16658
16661
16663
16665
16667
16670
16671
16674
16676
16678
16680
16684
16686
16688
16690
16692
16693
16695
16697
16699
16700
16702
16704
16706
16708
16710
16713
16715
16716
16718
16720
16722
16724
16726
16728
16731
16733
16736
16738
16740
16742
16743
16745
16747
16749
16750
16752
16754
16756
16758
16760
16762
16764
16766
16768
16770
16772
16775
16776
16778
16780
16782
16784
16786
16788
16789
16790
16792
16794
16796
16797
16799
16801
16803
16805
16807
16809
16811
16813
16815
16817
16819
16822
16824
16826
16828
16831
16833
16835
16836
16838
16839
16841
16843
16845
16847
16848
16852
16854
16856
16858
16860
16862
16864
16866
16868
16869
16870
16872
16874
16876
16878
16879
16881
16883
16884
16885
16887
16889
16890
16891
16892
16894
16896
16898
16900
16902
16903
16905
16907
16908
16910
16912
16915
16917
16919
16921
16924
16928
16930
16932
16934
16936
16938
16939
16940
16942
16944
16945
16947
16949
16951
16953
16955
16957
16959
16960
16962
16964
16966
16969
16971
16973
16976
16978
16980
16982
16984
16986
16988
16989
16991
16994
16995
16996
16998
17000
17002
17004
17005
17007
17009
17011
17013
17015
17017
17019
17024
17026
17028
17029
17031
17033
17035
17036
17038
17040
17042
17046
17047
17049
17051
17053
17054
17056
17057
17058
17060
17062
17065
17069
17071
17074
17076
17079
17080
17081
17083
17085
17086
17088
17090
17092
17093
17094
17096
17098
17100
17102
17104
17106
17109
17111
17112
17114
17117
17119
17121
17125
17127
17129
17131
17133
17134
17136
17138
17141
17143
17145
17147
17149
17151
17153
17155
17157
17158
17160
17162
17164
17166
17168
17171
17173
17174
17176
17178
17180
17182
17184
17186
17189
17191
17193
17195
17197
17199
17201
17203
17204
17206
17208
17210
17212
17214
17217
17219
17221
17224
17228
17230
17232
17234
17236
17238
17239
17241
17243
17245
17247
17249
17251
17253
17255
17257
17258
17260
17262
17264
17267
17269
17272
17274
17276
17278
17280
17282
17285
17287
17289
17291
17293
17295
17298
17300
17301
17303
17305
17307
17309
17310
17312
17314
17316
17318
17320
17323
17325
17328
17330
17332
17334
17336
17338
17340
17342
17344
17347
17349
17351
17353
17356
17360
17362
17365
17367
17369
17371
17374
17376
17378
17379
17381
17382
17384
17386
17387
17389
17391
17393
17394
17396
17398
17400
17401
17403
17405
17407
17409
17411
17413
17415
17417
17418
17420
17422
17424
17426
17427
17429
17431
17432
17435
17437
17439
17441
17443
17445
17447
17449
17452
17453
17455
17456
17458
17459
17461
17465
17467
17469
17471
17473
17475
17477
17479
17481
17482
17484
17486
17489
17492
17493
17495
17496
17498
17500
17501
17503
17505
17506
17508
17510
17511
17514
17517
17519
17521
17523
17527
17529
17531
17532
17534
17537
17539
17541
17542
17544
17546
17547
17549
17550
17552
17554
17556
17558
17560
17561
17563
17566
17569
17572
17574
17576
17578
17580
17581
17583
17584
17586
17588
17591
17593
17595
17596
17599
17601
17603
17605
17607
17610
17611
17613
17615
17617
17619
17620
17621
17623
17625
17627
17630
17632
17634
17636
17638
17640
17642
17644
17646
17648
17650
17652
17654
17655
17657
17659
17660
17662
17664
17668
17670
17672
17675
17677
17680
17682
17684
17686
17688
17691
17694
17695
17697
17699
17701
17702
17705
17707
17709
17711
17714
17716
17718
17720
17722
17724
17726
17728
17731
17733
17734
17736
17737
17739
17741
17743
17745
17747
17749
17750
17751
17752
17753
17755
17757
17759
17760
17761
17763
17766
17768
17770
17772
17774
17777
17779
17781
17783
17785
17787
17790
17792
17794
17796
17798
17799
17801
17803
17805
17807
17809
17810
17812
17813
17815
17821
17823
17825
17827
17829
17831
17834
17836
17838
17840
17843
17845
17847
17850
17851
17853
17855
17856
17858
17859
17861
17864
17866
17868
17870
17874
17875
17878
17880
17882
17884
17886
17888
17890
17892
17894
17895
17897
17899
17901
17902
17904
17906
17908
17909
17912
17914
17917
17919
17921
17923
17926
17928
17930
17932
17934
17935
17937
17939
17941
17944
17946
17947
17949
17951
17952
17954
17956
17958
17959
17961
17963
17966
17969
17971
17972
17973
17975
17977
17979
17981
17983
17986
17987
17989
17991
17993
17995
17997
17999
18001
18002
18004
18006
18008
18010
18011
18013
18015
18016
18018
18020
18022
18024
18026
18028
18030
18032
18034
18036
18039
18041
18043
18045
18047
18049
18051
18052
18054
18056
18059
18060
18062
18064
18066
18068
18070
18071
18073
18076
18078
18081
18083
18085
18087
18088
18091
18093
18095
18097
18099
18100
18102
18104
18105
18106
18108
18110
18112
18114
18117
18118
18120
18123
18124
18126
18128
18129
18133
18134
18136
18139
18141
18143
18145
18147
18149
18151
18153
18154
18156
18158
18160
18162
18163
18165
18166
18168
18171
18173
18175
18176
18177
18179
18181
18183
18185
18187
18190
18192
18194
18196
18197
18200
18202
18203
18205
18206
18208
18210
18211
18213
18215
18217
18220
18222
18225
18227
18229
18231
18232
18235
18237
18239
18241
18243
18245
18246
18247
18248
18250
18252
18254
18256
18257
18259
18261
18263
18265
18267
18269
18271
18273
18276
18278
18280
18281
18283
18285
18287
18289
18292
18294
18296
18298
18300
18302
18304
18306
18308
18310
18311
18313
18315
18317
18319
18320
18322
18323
18326
18328
18330
18332
18334
18336
18338
18341
18343
18345
18347
18349
18350
18353
18355
18357
18359
18361
18363
18364
18366
18368
18370
18372
18373
18376
18378
18381
18383
18384
18386
18389
18391
18393
18395
18397
18399
18401
18403
18405
18406
18408
18410
18412
18414
18416
18418
18420
18422
18424
18426
18429
18431
18433
18435
18438
18439
18441
18442
18443
18445
18447
18449
18451
18453
18456
18458
18460
18462
18464
18466
18468
18470
18472
18474
18477
18479
18481
18482
18484
18488
18490
18492
18494
18496
18498
18499
18501
18503
18505
18507
18509
18511
18514
18515
18517
18519
18520
18522
18523
18526
18528
18530
18534
18536
18538
18540
18542
18544
18545
18547
18549
18551
18553
18555
18557
18559
18562
18564
18566
18568
18570
18571
18575
18578
18580
18582
18584
18587
18589
18591
18593
18596
18598
18600
18602
18604
18605
18607
18609
18612
18613
18615
18617
18618
18620
18623
18627
18629
18631
18633
18636
18638
18640
18641
18642
18644
18645
18647
18649
18651
18652
18654
18656
18658
18660
18662
18664
18665
18667
18669
18672
18675
18677
18679
18680
18682
18684
18686
18688
18690
18691
18692
18694
18696
18698
18700
18702
18704
18706
18708
18709
18711
18713
18714
18716
18717
18719
18721
18722
18723
18725
18727
18729
18732
18734
18737
18739
18741
18743
18744
18746
18748
18749
18751
18753
18755
18756
18758
18760
18762
18763
18766
18767
18769
18771
18773
18775
18777
18779
18782
18784
18786
18788
18790
18792
18794
18796
18798
18800
18801
18805
18807
18809
18810
18813
18816
18818
18820
18821
18823
18825
18826
18828
18831
18833
18835
18837
18839
18841
18842
18844
18846
18848
18850
18852
18854
18856
18858
18860
18861
18863
18865
18867
18869
18870
18872
18874
18875
18877
18879
18883
18885
18888
18890
18892
18894
18896
32000
32008
31961
31963
31967
31970
31974
31980
31986
31988
31994
32003
40394
40397
40398
40400
40401
40403
40406
40409
40412
40414
40416
40418
40420
40422
40424
40426
40427
40429
40431
40433
40435
40438
40440
40441
40443
40445
40446
40449
40450
40454
40456
40457
40459
40460
40462
40463
40465
40467
40469
40471
40475
40477
40479
40481
40483
40486
40489
41244
41245
41247
41248
41249
41250
41252
41254
41256
41258
41260
41263
41267
41268
41272
41274
41277
41279
41281
41283
41284
41286
41287
41289
41290
41292
41294
41296
41298
41299
41300
41303
41305
41307
41310
41312
41314
41316
41318
41320
41322
41324
41326
41327
41329
41331
41333
41336
41338
41340
41342
41344
41346
41348
41351
41352
41355
41356
41358
41360
41363
41365
41367
41370
41372
41373
41376
41378
41380
41381
41383
41385
41387
41388
41390
41392
41394
41396
41397
41399
41402
41404
41407
41409
41411
41413
41415
41418
41419
41421
41423
41425
41427
41429
41431
41433
41435
41438
41441
41443
41445
41446
41449
41450
41452
41454
41456
41458
41461
41464
41465
41467
41469
41471
41473
41475
41477
41478
41480
41482
41484
41487
41488
41490
41492
41494
41498
41500
41502
41505
41507
41509
41512
41514
41516
41518
41520
41521
41523
41525
41527
41529
41531
41533
41535
41536
41541
41543
41545
41547
41548
41550
41552
41555
41556
41557
41560
41562
41564
41565
41567
41568
41571
41574
41576
41578
41580
41582
41583
41586
41587
41589
41591
41593
41596
41598
41600
41602
41604
41605
41606
41608
41609
41611
41613
41617
41621
41623
41625
41627
41630
41632
41633
41634
41636
41638
41641
41642
41644
41645
41647
41648
41649
41652
41654
41656
41657
41660
41662
41664
41666
41668
41670
41672
41673
41676
41678
41683
41684
41686
41688
41689
41693
41694
41697
41698
41701
41703
41705
41707
41710
41711
41713
41717
41719
41721
41722
41724
41727
41728
41730
41733
41735
41736
41739
41741
41743
41745
41747
41749
41751
41753
41755
41757
41759
41761
41763
41765
41767
41769
41771
41772
41774
41776
41778
41780
41782
41784
41786
41787
41789
41791
41793
41795
41797
41799
41801
41803
41805
41806
41807
41809
41811
41813
41815
41817
41819
41821
41823
41825
41826
41829
41831
41833
41836
41838
41840
41842
41844
41845
41847
41849
41851
41852
41854
41856
41858
41860
41862
41864
41865
41867
41869
41872
41874
41876
41878
41880
41882
41884
41887
41889
41891
41893
41895
41898
41900
41901
41903
41906
41908
41910
41911
41913
41914
41916
41919
41921
41922
41924
41926
41928
41930
41932
41934
41936
41937
41939
41941
41943
41945
41947
41948
41950
41951
41955
41956
41958
41960
41961
41964
41967
41968
41970
41972
41974
41976
41977
41979
41982
41983
41986
41987
41990
41992
41994
41996
41999
42002
42003
42005
42009
42010
42012
42014
42015
42016
42018
42020
42022
42024
42027
42029
42032
42034
42036
42038
42041
42043
42044
42046
42048
42050
42052
42054
42056
42058
42060
42061
42063
42065
42066
42068
42069
42071
42073
42075
42077
42078
42080
42082
42084
42086
42087
42089
42091
42093
42095
42096
42098
42100
42103
42105
42109
42112
42114
42116
42118
42120
42122
42124
42125
42127
42129
42130
42132
42133
42135
42137
42139
42141
42143
42145
42148
42150
42153
42154
42156
42157
42159
42161
42163
42165
42167
42170
42173
42175
42178
42180
42182
42184
42185
42187
42189
42191
42192
42194
42197
42199
42201
42203
42205
42207
42209
42211
42213
42215
42217
42219
42221
42222
42225
42228
42230
42232
42234
42236
42238
42240
42242
42245
42247
42248
42251
42253
42254
42256
42259
42260
42262
42264
42266
42269
42270
42272
42274
42276
42278
42280
42282
42285
42287
42289
42291
42293
42296
42297
42299
42301
42302
42305
42308
42311
42313
42315
42317
42318
42320
42322
42324
42325
42327
42329
42331
42335
42337
42339
42341
42343
42345
42346
42348
42350
42352
42354
42356
42358
42360
42362
42364
42366
42368
42371
42373
42375
42376
42378
42380
42384
42386
42388
42390
42392
42395
42396
42399
42401
42404
42406
42408
42410
42412
42414
42416
42418
42420
42423
42425
42427
42429
42431
42433
42435
42437
42439
42441
42443
42445
42447
42449
42451
42452
42455
42457
42458
42461
42463
42465
42467
42469
42471
42473
42475
42477
42478
42480
42482
42483
42485
42488
42489
42492
42494
42495
42497
42500
42577
42579
42581
42584
42586
42588
42590
42593
42595
42597
42599
42601
42603
42605
42606
42608
42611
42612
42614
42616
42618
42620
42622
42625
42626
42628
42631
42632
42634
42636
42638
42640
42641
42643
42644
42646
42650
42652
42653
42654
42657
42658
42660
42662
42664
42665
42751
42753
42755
42757
42758
42760
42762
42765
42766
42768
42770
42771
42773
42775
42778
42781
42782
42784
42785
42787
42790
42792
42795
42798
42800
42802
42804
42805
42808
42810
42812
42813
42815
42818
42819
42822
42823
42825
42827
42829
42833
42834
42836
42838
42841
42843
42845
42846
42847
42849
42851
42853
42855
42857
42859
42861
42863
42867
42868
42869
42871
42873
42875
42876
42877
42879
42882
42884
42886
42888
42889
42891
42892
42895
42896
42899
42901
42903
42906
42908
42909
42911
42913
42916
42918
42920
42921
42923
42925
42927
42929
42931
42933
42935
42937
42939
42941
42942
42944
42946
42948
42951
42954
42956
42958
42959
42961
42963
42965
42967
42970
42972
42973
42975
42977
42978
42980
42982
42984
42986
42988
42989
42991
42993
42995
42997
42998
43000
43002
43004
43006
43008
43010
43012
43014
43016
43018
43020
43021
43023
43025
43027
43029
43033
43035
43036
43039
43041
43044
43046
43047
43050
43051
43053
43054
43057
43059
43061
43063
43064
43067
43068
43070
43071
43072
43074
43075
43078
43079
43080
43082
43085
43087
43092
43094
43095
43098
43100
43102
43105
43108
43110
43112
43113
43115
43118
43121
43123
43125
43127
43129
43131
43133
43136
43138
43140
43142
43144
43146
43147
43149
43151
43153
43155
43157
43159
43160
43163
43165
43166
43168
43170
43174
43177
43178
43180
43181
43656
43658
43661
43664
43665
43667
43669
43672
43673
43675
43676
43677
43678
43681
43684
43686
43688
43690
43692
43694
43696
43697
43699
43702
43704
43706
43708
43710
43711
43713
43716
43717
43719
43721
43723
43725
43727
43729
43731
43733
43735
43737
43738
43741
43744
43747
43749
43751
43753
43755
43756
43758
43760
43763
43766
43768
43770
43772
43774
43776
43778
43780
43782
43784
43785
43787
43790
43792
43794
43795
43797
43799
43801
43803
43805
43808
43810
43811
43812
43814
43816
43817
43819
43823
43826
43827
43829
43831
43833
43836
43838
43840
43841
43843
43845
43847
43849
43851
43853
43855
43857
43858
43860
43864
43866
43868
43871
43873
43875
43876
43878
43880
43882
43884
43886
43887
43889
43892
43895
43897
43898
43901
43902
43904
43907
43908
43910
43913
43914
43916
43918
43920
43922
43925
43926
43928
43931
43932
43935
43937
43939
43941
43943
43944
43946
43948
43950
44196
44198
44200
44202
44204
44206
44208
44210
44212
44214
44216
44218
44219
44222
44224
44226
44228
44229
44231
44233
44235
44237
44238
44240
44241
44244
44246
44248
44250
44252
44254
44256
44259
44262
44264
44265
44268
44270
44271
44273
44274
44276
44278
44280
44282
44284
44286
44289
44290
44292
44295
44297
44299
44302
44303
44304
44306
44307
44310
44312
44313
44315
44318
44321
44323
44325
44327
44328
44330
44332
44334
44337
44339
44341
44343
44345
44347
44348
44350
44352
44354
44356
44357
44359
44361
44364
44366
44368
44370
44371
44373
44377
44379
44382
44384
44386
44388
44390
44392
44394
44395
44398
44400
44402
44404
45658
45660
45662
45665
45667
45988
45990
45992
45994
45997
45999
46000
46003
46006
46010
46013
46018
46020
46023
46025
46028
46029
46031
46034
46035
46037
46038
46041
46043
46044
46046
46048
46052
46054
46056
46058
46059
46061
46064
46065
46067
46070
46072
46073
46075
46077
46079
46081
46083
46084
46086
46088
46090
46092
46094
46096
46098
46100
46101
46103
46105
46107
46109
46111
46113
46116
46118
46120
46122
46124
46126
46127
46129
46131
46133
46135
46137
46139
46141
46143
46145
46147
46148
46150
46152
46154
46156
46158
46160
46161
46163
46165
46166
46168
46170
46172
46174
46175
46178
46180
46182
46184
46185
46187
46189
46190
46192
46194
46196
46198
46199
46201
46204
46205
46206
46208
46209
46211
46212
46214
46215
46217
46219
46221
46223
46224
46227
46228
46229
46232
46233
46235
46237
46238
46240
46243
46245
46247
46249
46250
46253
46255
46258
46261
46264
46266
46268
46270
46271
46274
46276
46278
46280
46283
46285
46288
46290
46291
46294
46296
46298
46301
46303
46304
46306
46307
46309
46311
46313
46315
46317
46320
46321
46323
46325
46327
46329
46331
46334
46336
46338
46341
46343
46345
46348
46351
46353
46355
46357
46358
46360
46362
46364
46367
46368
46370
46372
46374
46377
46379
46381
46383
46384
46386
46387
46390
46392
46394
46395
46398
46399
46401
46402
46404
46406
46407
46409
46411
46413
46415
46418
46420
46423
46425
46427
46429
46431
46432
46434
46436
46438
46439
46442
46445
46446
46448
46450
46451
46454
46456
46458
46460
46462
46464
46465
46467
46468
46471
46474
46476
46478
46479
46481
46483
46485
46487
46489
46493
46495
46497
46499
46501
46502
46504
46506
46508
46510
46511
46513
46515
46518
46520
46522
46525
46526
46529
46531
46532
46534
46537
46539
46541
46543
46544
46545
46546
46548
46550
46552
46553
46555
46557
46559
46560
46562
46563
46564
46566
46568
46569
46571
46573
46575
46577
46578
46579
46581
46583
46585
46587
46588
46589
46590
46592
46593
46596
46598
46600
46602
46605
46607
46610
46611
46613
46615
46617
46619
46621
46624
46625
46627
46629
46631
46633
46635
46638
46639
46641
46643
46644
46646
46648
46650
46652
46654
46656
46658
46660
46662
46664
46666
47484
47490
49436
49438
49442
49446
49495
49497
49520
49526
49529
49531
49533
49535
49537
49539
49542
49543
49546
49548
49549
49550
49552
49554
49556
49558
49560
49562
49564
49566
49568
49570
49572
49574
49576
49578
49580
49582
49584
49586
49588
49590
49592
49594
49596
49598
49600
49602
49604
49606
49607
49609
49612
49614
49616
49621
49636
49662
49664
49707
49710
49717
49753
49761
49765
49768
49784
49799
49851
49856
49875
49877
49889
49904
49916
49918
49932
49934
49951
49957
50004
50031
50212
50614
50809
51462
51688
52323
52523
53152
53240
53244
53246
53249
53251
53253
53255
53256
53257
53259
53261
53263
53264
53266
53268
53271
53272
53275
53277
53278
53280
53282
53284
53286
53288
53290
53292
53294
53296
53298
53300
53302
53304
53306
53308
53310
53312
53314
53316
53317
53319
53322
53324
53325
53326
53328
53332
53334
